00
00
00
00
00
00
00
00
00
00
0A
00
00
00
00
FF
00
00
00
00
0A
00
00
00
00
CC
00
00
00
00
0A
00
00
00
00
CA
00
00
00
00
B1
00
00
00
00
1A
00
00
00
00
EF
00
00
00
00
55
00
00
00
00
12
00
00
00
00
33
00
00
00
00
81
00
00
00
00
9A
00
00
00
00
F9
00
00
00
00
FF
00
00
00
00
9E
00
00
00
00
F5
00
00
00
00
DA
00
00
00
00
65
00
00
00
00
34
00
00
00
00
34
00
00
00
00
73
00
00
00
00
FA
00
00
00
00
ED
00
00
00
00
CC
00
00
00
00
10
00
00
00
00
0A
00
00
00
00
26
00
00
00
00
55
00
00
00
00
75
00
00
00
00
12
00
00
00
00
FF
00
00
00
00
FF
00
00
00
00
84
00
00
00
00
04
00
00
00
00
99
00
00
00
00
12
00
00
00
00